city,distance,through
KAB. ACEH BARAT,3045.655548369451,"[401, 400, 336, 342]"
KAB. ACEH BARAT DAYA,3033.6455623665915,"[401, 400, 332, 331, 139, 140]"
KAB. ACEH BESAR,3200.9629298083933,"[401, 400, 347, 4, 3]"
KAB. ACEH JAYA,3124.6594564712946,"[401, 400, 347, 4]"
KAB. ACEH SELATAN,2874.1942747116564,"[401, 400, 347]"
KAB. ACEH SINGKIL,2897.042651435856,"[401, 400, 332, 355, 74, 73, 72]"
KAB. ACEH TAMIANG,2847.0414140178545,"[401, 400, 315]"
KAB. ACEH TENGAH,2972.3488865682966,"[401, 400, 332, 352]"
KAB. ACEH TENGGARA,2924.740476787759,"[401, 400, 336, 137]"
KAB. ACEH TIMUR,2897.3916659726065,"[401, 400, 315]"
KAB. ACEH UTARA,2963.981800061094,"[401, 400, 315, 9]"
KAB. BENER MERIAH,3002.7120395985567,"[401, 400, 332, 355, 321, 320, 43, 42]"
KAB. BIREUEN,3010.039522287246,"[401, 400, 332]"
KAB. GAYO LUES,2996.2094694765146,"[401, 400, 336, 137]"
KAB. NAGAN RAYA,3007.4906053389072,"[401, 400, 336, 25]"
KAB. PIDIE,3082.747299409514,"[401, 400, 332]"
KAB. PIDIE JAYA,3112.278696042095,"[401, 400, 332, 15]"
KAB. SIMEULUE,3042.6341238634946,"[401, 400, 332, 352, 55]"
KOTA BANDA ACEH,3164.250051125039,"[401, 400, 347, 19]"
KOTA LANGSA,2847.090395558933,"[401, 400, 347]"
KOTA LHOKSEUMAWE,2968.5616170393096,"[401, 400, 347, 19]"
KOTA SABANG,3184.7091568079877,"[401, 400, 347, 19, 20]"
KOTA SUBULUSSALAM,2808.9917983292485,"[401, 88, 83]"
KAB. ASAHAN,2773.1214579149696,"[401, 400, 332, 333, 334, 94, 93, 92, 24]"
KAB. BATUBARA,2730.7888801146155,"[401, 400, 332, 333, 334, 94, 93, 92]"
KAB. DAIRI,2766.192901564577,"[401, 400, 336]"
KAB. DELI SERDANG,2775.5782298252666,"[401, 400, 332, 355, 321, 30]"
KAB. HUMBANG HASUNDUTAN,2726.3258847246125,"[401, 400, 332, 331, 85]"
KAB. KARO,2765.215626970742,"[401, 400, 332, 355]"
KAB. LABUHANBATU,2590.8444605442974,"[401, 400, 332, 355, 321, 30]"
KAB. LABUHANBATU SELATAN,2539.238895088558,"[401, 400, 332, 355, 321]"
KAB. LABUHANBATU UTARA,2604.6130907753527,"[401, 400, 332, 355, 321, 30]"
KAB. LANGKAT,2842.088992833767,"[401, 400, 332, 355, 321, 30, 31]"
KAB. MANDAILING NATAL,2590.417126951108,"[401, 88]"
KAB. NIAS,2775.1487867384276,"[401, 88, 33]"
KAB. NIAS BARAT,2805.2749072372735,"[401, 88, 33, 34]"
KAB. NIAS SELATAN,2856.5126553771383,"[401, 88, 33, 34, 35]"
KAB. NIAS UTARA,2869.1346424973453,"[401, 400, 332, 333, 38]"
KAB. PADANG LAWAS,2599.471273669341,"[401, 400, 332, 333]"
KAB. PADANG LAWAS UTARA,2594.515642031343,"[401, 400, 332, 355, 321, 84]"
KAB. PAKPAK BHARAT,2749.367863126282,"[401, 88]"
KAB. SAMOSIR,2751.2238383751323,"[401, 51]"
KAB. SERDANG BEDAGAI,2721.253958406839,"[401, 400, 332, 355, 321, 320, 43]"
KAB. SIMALUNGUN,2674.367892794052,"[401, 400, 332, 355, 321, 320]"
KAB. TAPANULI SELATAN,2622.1924269428487,"[401, 400, 347]"
KAB. TAPANULI TENGAH,2692.8366386694724,"[401, 400, 347, 44]"
KAB. TAPANULI UTARA,2696.4573355340963,"[401, 400, 332, 77, 78]"
KAB. TOBA SAMOSIR,2736.131207750801,"[401, 400, 332, 77, 78, 46]"
KOTA BINJAI,2776.72534000954,"[401, 400, 332, 352, 52]"
KOTA GUNUNGSITOLI,2791.6267980417574,"[401, 400, 332, 77]"
KOTA MEDAN,2857.812433905703,"[401, 51]"
KOTA PADANGSIDEMPUAN,2601.775006423051,[401]
KOTA PEMATANGSIANTAR,2681.5220761203364,"[401, 400, 332, 352]"
KOTA SIBOLGA,2685.088573441029,"[401, 400, 332, 331]"
KOTA TANJUNGBALAI,2720.250514881804,"[401, 400, 336, 137, 138]"
KOTA TEBING TINGGI,2686.76502748838,"[401, 400, 332, 352]"
KAB. AGAM,2549.5276721625205,"[401, 400, 135, 109]"
KAB. DHARMASRAYA,2486.917085845401,"[401, 400, 118]"
KAB. KEPULAUAN MENTAWAI,2595.4081942749294,"[401, 400, 332, 124]"
KAB. LIMA PULUH KOTA,2470.4382620439055,"[401, 88]"
KAB. PADANG PARIAMAN,2542.5366615766898,"[401, 132, 133]"
KAB. PASAMAN,2513.62597893187,"[401, 88, 59]"
KAB. PASAMAN BARAT,2571.3619107979994,"[401, 88, 59]"
KAB. PESISIR SELATAN,2473.901526896382,"[401, 400, 332, 331, 103, 65]"
KAB. SIJUNJUNG,2428.551185776777,"[401, 400, 332, 331, 103, 65]"
KAB. SOLOK,2389.626891992471,"[401, 400, 332, 331, 103]"
KAB. SOLOK SELATAN,2349.68864381783,"[401, 400, 332, 124]"
KAB. TANAH DATAR,2453.386729987705,"[401, 400, 332, 355, 74, 73]"
KOTA BUKITTINGGI,2439.439120054974,"[401, 400]"
KOTA PADANG,2511.0577846091796,"[401, 400, 68]"
KOTA PADANGPANJANG,2516.4982468487665,"[401, 400, 332, 331, 103, 71]"
KOTA PARIAMAN,2481.1345449278647,"[401, 400, 332, 331, 103]"
KOTA PAYAKUMBUH,2476.439550152142,"[401, 400, 332, 355, 74, 73]"
KOTA SAWAHLUNTO,2424.6807612325106,"[401, 400, 332, 355, 74]"
KOTA SOLOK,2410.2366893722337,"[401, 400, 332, 355]"
KAB. BENGKALIS,2499.7166867367905,"[401, 400, 332, 331, 330, 341, 76]"
KAB. INDRAGIRI HILIR,2268.620271163617,"[401, 400, 332, 331, 330, 341]"
KAB. INDRAGIRI HULU,2229.0805278116436,"[401, 400, 332]"
KAB. KAMPAR,2385.314274784847,"[401, 400, 332, 77]"
KAB. KEPULAUAN MERANTI,2377.779226722244,"[401, 400, 347, 348]"
KAB. KUANTAN SINGINGI,2341.323676051006,"[401, 400, 336]"
KAB. PELALAWAN,2445.5040708820898,"[401, 400, 336, 80]"
KAB. ROKAN HILIR,2447.0349561682865,"[401, 88]"
KAB. ROKAN HULU,2472.5369741682116,"[401, 88]"
KAB. SIAK,2339.395204205234,"[401, 400, 332, 355, 321]"
KOTA DUMAI,2406.5107235986006,"[401, 400, 332, 331]"
KOTA PEKANBARU,2373.4414584896695,"[401, 400, 332, 355, 321]"
KAB. BINTAN,2065.4176318550526,"[401, 400, 332, 352, 353]"
KAB. KARIMUN,2141.48590069841,[401]
KAB. KEPULAUAN ANAMBAS,2233.9904403385704,"[401, 426, 448, 447]"
KAB. LINGGA,2021.2976577887466,"[401, 400, 336, 342]"
KAB. NATUNA,1897.224899504343,"[401, 400, 332, 333]"
KOTA BATAM,2176.262470249352,"[401, 400, 332, 333, 334, 94, 93]"
KOTA TANJUNG PINANG,2124.6145701853634,"[401, 400, 332, 333, 334, 94]"
PULAU TAMBELAN KAB. BINTAN,1805.9139880340742,"[401, 400, 332, 333, 334]"
PEKAJANG KAB. LINGGA,1989.8203496822086,"[401, 317]"
PULAU SERASAN KAB. NATUNA,1645.2154389090338,"[401, 400, 336]"
PULAU MIDAI KAB. NATUNA,1796.6320515046498,"[401, 400, 336, 96]"
PULAU LAUT KAB. NATUNA,1957.6386010309393,"[401, 400, 332, 355, 321]"
KAB. BATANGHARI,2412.434005846616,"[401, 400, 332, 352, 353, 87]"
KAB. BUNGO,2321.255459541854,"[401, 400, 332, 355, 321]"
KAB. KERINCI,2297.592554552166,"[401, 102]"
KAB. MERANGIN,2228.116704548254,[401]
KAB. MUARO JAMBI,2057.2732466253888,"[401, 400, 332, 331]"
KAB. SAROLANGUN,2207.3143168824636,"[401, 400, 332, 331, 103]"
KAB. TANJUNG JABUNG BARAT,2154.8732262441863,"[401, 317]"
KAB. TANJUNG JABUNG TIMUR,2141.5970020380673,"[401, 400, 336, 329]"
KAB. TEBO,2306.522245296936,"[401, 400, 336, 329, 106]"
KOTA JAMBI,2275.732145988925,"[401, 426, 448]"
KOTA SUNGAI PENUH,2303.5571391566514,"[401, 400, 135]"
KAB. BENGKULU SELATAN,2151.5233506435784,"[401, 400, 378]"
KAB. BENGKULU TENGAH,2251.425693516584,"[401, 400, 378, 110]"
KAB. BENGKULU UTARA,2253.533465182186,"[401, 400, 332, 331, 139]"
KAB. KAUR,2155.0496459351443,"[401, 400, 135, 136]"
KAB. KEPAHIANG,2251.193940011963,"[401, 400, 165, 164]"
KAB. LEBONG,2323.9513131828467,"[401, 400, 165, 164, 114]"
KAB. MUKOMUKO,2311.052350887729,"[401, 400, 332, 331, 139]"
KAB. REJANG LEBONG,2204.6057904414606,"[401, 400, 118]"
KAB. SELUMA,2138.237994163704,"[401, 400]"
KOTA BENGKULU,2196.025014337904,"[401, 400, 118]"
KAB. BANYUASIN,2189.5550225636116,"[401, 400, 378, 379, 153]"
KAB. EMPAT LAWANG,2162.723058312462,"[401, 400, 332, 355]"
KAB. LAHAT,2116.7001498459754,"[401, 400, 332, 331, 139]"
KAB. MUARA ENIM,2085.0908621618946,"[401, 400, 332, 331, 139, 140]"
KAB. MUSI BANYUASIN,2047.2252868549633,"[401, 400, 332]"
KAB. MUSI RAWAS,2101.1929759054433,"[401, 400]"
KAB. MUSI RAWAS UTARA,2154.530588024423,"[401, 400, 125]"
KAB. OGAN ILIR,2028.8008041190474,"[401, 400, 332, 331, 139, 140, 128]"
KAB. OGAN KOMERING ILIR,1961.3030367167903,"[401, 400, 332, 331, 139, 140]"
KAB. OGAN KOMERING ULU,2110.1101705886513,"[401, 400, 332, 331, 139, 140, 128]"
KAB. OGAN KOMERING ULU SELATAN,2134.8233161917924,"[401, 400, 135, 131]"
KAB. OGAN KOMERING ULU TIMUR,2012.5002434455462,"[401, 400, 135]"
KAB. PENUKAL ABAB LEMATANG ILIR,1991.201023501663,[401]
KOTA LUBUKLINGGAU,2119.040062880128,"[401, 132]"
KOTA PAGAR ALAM,2123.2119454333,"[401, 400, 135]"
KOTA PALEMBANG,1914.5367279416264,"[401, 400]"
KOTA PRABUMULIH,1991.5840857280932,"[401, 400, 135]"
KAB. BANGKA,1844.0533134570996,"[401, 400, 336]"
KAB. BANGKA BARAT,1891.158659950471,"[401, 400, 336, 137]"
KAB. BANGKA SELATAN,1754.8451257012798,"[401, 400, 332, 331]"
KAB. BANGKA TENGAH,1800.8471246039128,"[401, 400, 332, 331, 139]"
KAB. BELITUNG,1831.860205042339,"[401, 400, 336, 337, 338, 142]"
KAB. BELITUNG TIMUR,1786.7101911007867,"[401, 400, 336, 337, 338]"
KOTA PANGKAL PINANG,2026.200445799379,"[401, 400, 336, 337, 338, 142]"
KAB. LAMPUNG TENGAH,1948.008708813055,"[401, 400, 165, 164]"
KAB. LAMPUNG UTARA,2010.1854241146232,"[401, 400, 165, 164, 144]"
KAB. LAMPUNG SELATAN,1923.7745937490558,"[401, 400, 332, 352, 353]"
KAB. LAMPUNG BARAT,2086.8292756643623,"[401, 400, 332, 352, 353, 146]"
KAB. LAMPUNG TIMUR,2047.3641421987127,"[401, 400, 332, 217]"
KAB. MESUJI,1937.190661316779,"[401, 400, 336, 342]"
KAB. PESAWARAN,2028.8993133606875,"[401, 400, 378, 379]"
KAB. PESISIR BARAT,2085.0099761718325,"[401, 400, 193]"
KAB. PRINGSEWU,2076.049873722454,"[401, 278, 228, 227, 226, 221]"
KAB. TULANG BAWANG,1982.2540975501413,"[401, 400, 378, 379]"
KAB. TULANG BAWANG BARAT,2034.3837987774546,"[401, 400, 378, 379, 153]"
KAB. TANGGAMUS,2048.736612766209,"[401, 400, 193, 194]"
KAB. WAY KANAN,1982.376734561963,"[401, 400, 332, 352, 353]"
KOTA BANDAR LAMPUNG,2080.0423384213623,"[401, 400, 193, 194, 159, 158]"
KOTA METRO,2048.6634995788468,"[401, 400, 193, 194, 159]"
KAB. LEBAK,1856.8339856520427,"[401, 400, 193, 194]"
KAB. PANDEGLANG,1922.3957190238184,"[401, 400, 193, 194, 159]"
KAB. SERANG,1901.591940046081,"[401, 400, 165, 164, 163, 162]"
KAB. TANGERANG,1851.871672026316,"[401, 400, 165, 164, 163]"
KOTA CILEGON,1795.31500006128,"[401, 400, 165, 164]"
KOTA SERANG,1774.5836119020032,"[401, 400, 165]"
KOTA TANGERANG,1719.5960782045127,"[401, 400]"
KOTA TANGERANG SELATAN,1730.6991917632706,"[401, 400, 165]"
KAB. BANDUNG,1794.0611570897008,"[401, 400, 378, 257, 200, 168]"
KAB. BANDUNG BARAT,1760.920520916479,"[401, 400, 378, 257, 200]"
KAB. BEKASI,1708.047474927686,"[401, 400, 378]"
KAB. BOGOR,1774.6794429377178,"[401, 400, 378, 169]"
KAB. CIAMIS,1685.3373927192429,"[401, 400, 332, 331]"
KAB. CIANJUR,1787.0134108719515,"[401, 400, 378, 257, 256]"
KAB. CIREBON,1660.4735342678473,"[401, 400, 378, 257, 200]"
KAB. GARUT,1780.0640212812432,"[401, 400, 378, 257, 200, 173]"
KAB. INDRAMAYU,1726.379343817717,"[401, 400, 378, 379, 222]"
KAB. KARAWANG,1829.5200810429915,"[401, 400, 378, 257, 200, 224, 207]"
KAB. KUNINGAN,1715.0196530014412,"[401, 400, 332, 331, 330, 341]"
KAB. MAJALENGKA,1732.246566883447,"[401, 400, 332, 217]"
KAB. PANGANDARAN,1689.1384757854985,"[401, 400, 332]"
KAB. PURWAKARTA,1799.9308361658955,"[401, 400, 332, 331, 330, 181]"
KAB. SUBANG,1756.1341255345355,"[401, 400, 332, 331, 330]"
KAB. SUKABUMI,1818.4598038505778,"[401, 278, 228, 227]"
KAB. SUMEDANG,1789.442247702472,"[401, 278, 277, 243]"
KAB. TASIKMALAYA,1716.02941230398,"[401, 278, 228, 227, 226]"
KOTA BANDUNG,1693.9133874724514,"[401, 278, 186]"
KOTA BANJAR,1581.0715437175836,"[401, 278]"
KOTA BEKASI,1727.185836562452,"[401, 400, 378, 169]"
KOTA BOGOR,1771.2647913432531,"[401, 400, 378, 169, 187]"
KOTA CIMAHI,1854.2989031625766,"[401, 400, 378, 379, 380]"
KOTA CIREBON,1860.0773386889728,"[401, 400, 399, 398]"
KOTA DEPOK,1787.9194194586942,"[401, 400, 193, 192]"
KOTA SUKABUMI,1727.62468280822,"[401, 400, 193]"
KOTA TASIKMALAYA,1578.021910696053,"[401, 400]"
KOTA JAKARTA,1776.4611555101785,"[401, 400, 193]"
KAB. ADMINISTRASI KEPULAUAN SERIBU,1844.7995914033922,"[401, 400, 193, 194]"
KAB. BANJARNEGARA,1634.919003919241,"[401, 400, 378, 379, 380]"
KAB. BANYUMAS,1615.5210680724863,"[401, 278, 228, 227, 226]"
KAB. BATANG,1560.444461356787,"[401, 400, 378, 257, 204, 213]"
KAB. BLORA,1437.9529108144627,"[401, 402]"
KAB. BOYOLALI,1402.6783946781384,"[401, 400, 378, 257]"
KAB. BREBES,1606.563474574343,"[401, 400, 378, 257, 200]"
KAB. CILACAP,1630.941222830568,"[401, 400, 378, 257, 204, 203]"
KAB. DEMAK,1421.8467673720518,"[401, 400, 378, 257, 204]"
KAB. GROBOGAN,1381.194115719513,"[401, 400, 378, 257]"
KAB. JEPARA,1451.479294402315,"[401, 400, 378, 257, 204]"
KAB. KARANGANYAR,1559.424135728866,"[401, 402, 403, 404, 414, 413]"
KAB. KEBUMEN,1533.4592516939058,"[401, 400, 378, 257, 200, 224]"
KAB. KENDAL,1599.114438569691,"[401, 400, 378, 379, 394, 249, 209]"
KAB. KLATEN,1511.404601128287,"[401, 400, 378, 379, 394, 249]"
KAB. KUDUS,1486.8729563792401,"[401, 400, 378, 379, 380]"
KAB. MAGELANG,1550.3468641403072,"[401, 400, 378, 257, 258, 241, 212]"
KAB. PATI,1436.7914181286305,"[401, 400, 378, 257, 258, 241]"
KAB. PEKALONGAN,1528.874301527947,"[401, 400, 378, 257, 204]"
KAB. PEMALANG,1549.9052582103238,"[401, 400, 378, 257, 204, 213]"
KAB. PURBALINGGA,1559.194003916299,"[401, 400, 378, 257, 204, 225]"
KAB. PURWOREJO,1503.867712438047,"[401, 400, 378, 257, 204, 225]"
KAB. REMBANG,1385.2665555702288,"[401, 400, 332]"
KAB. SEMARANG,1498.2104860009952,"[401, 400, 332, 217]"
KAB. SRAGEN,1437.3614768841005,"[401, 400, 378, 257, 258, 241]"
KAB. SUKOHARJO,1466.9579325146672,"[401, 400, 378, 257, 258, 241, 219]"
KAB. TEGAL,1590.0489898436279,"[401, 278, 228, 227, 226]"
KAB. TEMANGGUNG,1505.525785794672,"[401, 400, 378, 379]"
KAB. WONOGIRI,1463.0875443542325,"[401, 400, 378, 257, 204]"
KAB. WONOSOBO,1489.926829678692,"[401, 400, 378, 257, 200]"
KOTA MAGELANG,1469.768589412726,"[401, 400, 378, 257, 204]"
KOTA PEKALONGAN,1527.0512274175487,"[401, 278, 228, 227]"
KOTA SALATIGA,1422.813243334435,"[401, 278, 228]"
KOTA SEMARANG,1385.8084984256889,"[401, 278]"
KOTA SURAKARTA,1462.2103039030817,"[401, 278, 228]"
KOTA TEGAL,1664.939276478075,"[401, 278, 228, 229]"
KAB. BANTUL,1513.8076361023025,"[401, 400, 378, 379, 238]"
KAB. GUNUNGKIDUL,1486.708732901209,"[401, 400, 378, 379, 238]"
KAB. KULON PROGO,1541.4840511671248,"[401, 400, 378, 379, 238, 232]"
KAB. SLEMAN,1569.750318545312,"[401, 400, 378, 379, 238, 232, 233]"
KOTA YOGYAKARTA,1568.80868416003,"[401, 278, 279, 251]"
KAB. BANGKALAN,1291.3493596919902,"[401, 400, 378, 379, 380, 382, 383]"
KAB. BANYUWANGI,1498.626726004151,"[401, 400, 378, 379, 380, 382, 383, 236]"
KAB. BLITAR,1316.567492304593,"[401, 400, 378, 379]"
KAB. BOJONEGORO,1407.8829572237664,"[401, 400, 378, 379, 380, 382]"
KAB. BONDOWOSO,1414.0211408304137,"[401, 400, 378, 257, 258, 259]"
KAB. GRESIK,1262.2731373335864,"[401, 400, 378, 257, 258]"
KAB. JEMBER,1239.4882488276578,"[401, 402, 281]"
KAB. JOMBANG,1304.4003963706464,"[401, 278, 277]"
KAB. KEDIRI,1334.0268286804808,"[401, 278, 277, 243]"
KAB. LAMONGAN,1413.0428906165607,"[401, 278, 277, 243, 244]"
KAB. LUMAJANG,1437.6391261685112,"[401, 402, 403, 404, 405]"
KAB. MADIUN,1469.4169415345891,"[401, 400, 378, 379, 394, 249, 248]"
KAB. MAGETAN,1440.251404159913,"[401, 400, 378, 379, 394, 249]"
KAB. MALANG,1276.4204521727552,"[401, 400, 378, 379, 394]"
KAB. MOJOKERTO,1347.1745436644335,"[401, 402, 272]"
KAB. NGANJUK,1398.1776186078096,"[401, 278, 279]"
KAB. NGAWI,1403.0691550431193,"[401, 400, 378, 257, 258]"
KAB. PACITAN,1479.9754492831066,"[401, 400, 378, 257, 258, 252]"
KAB. PAMEKASAN,1344.6000140241108,"[401, 400, 378, 285, 286, 287, 288]"
KAB. PASURUAN,1389.4701455742875,"[401, 402, 403, 404, 290]"
KAB. PONOROGO,1312.6053973018852,"[401, 400, 378, 257]"
KAB. PROBOLINGGO,1091.4271184886595,"[401, 400, 378]"
KAB. SAMPANG,1187.55391660921,"[401, 400, 378, 257]"
KAB. SIDOARJO,1266.8710282426748,"[401, 400, 378, 257, 258]"
KAB. SITUBONDO,1328.4997052921497,"[401, 400, 274, 275, 261]"
KAB. SUMENEP,1227.4561123768342,"[401, 400, 274, 275]"
KAB. TRENGGALEK,1404.3195233480678,"[401, 278, 277, 243]"
KAB. TUBAN,1365.1267648276291,"[401, 402]"
KAB. TULUNGAGUNG,1453.8080120296129,"[401, 278, 279, 251]"
KOTA BATU,1394.2094751072386,"[401, 400, 378, 379, 380, 382, 383, 236]"
KOTA BLITAR,1355.8226236781413,"[401, 400, 378, 257, 258, 259]"
KOTA KEDIRI,1387.5355982485887,"[401, 400, 378, 257, 258, 259, 266]"
KOTA MADIUN,1386.7229923263164,"[401, 278, 277, 276]"
KOTA MALANG,1356.03509199843,"[401, 402, 281, 242]"
KOTA MOJOKERTO,1346.6540998028306,"[401, 402, 272, 271]"
KOTA PASURUAN,1292.3078003013507,"[401, 402, 272]"
KOTA PROBOLINGGO,1255.8665981294062,"[401, 402]"
KOTA SURABAYA,1262.5848112498597,"[401, 400, 378, 377]"
KAB. BADUNG,969.4270925665767,"[401, 400]"
KAB. BANGLI,1006.5998546126796,"[401, 400, 274]"
KAB. BULELENG,1004.1646040452069,"[401, 278, 277]"
KAB. GIANYAR,963.5399796083867,"[401, 278]"
KAB. JEMBRANA,897.3027833215168,[401]
KAB. KARANGASEM,991.2849325175519,"[401, 278]"
KAB. KLUNGKUNG,1033.7524789574743,"[401, 278, 279]"
KAB. TABANAN,1084.7662575803033,"[401, 402]"
KOTA DENPASAR,1114.4833098875051,"[401, 402, 281]"
KAB. BIMA,972.5030824151339,"[401, 402, 403, 393]"
KAB. DOMPU,1005.3118399755953,"[401, 402, 403, 393, 283]"
KAB. LOMBOK BARAT,919.2650741467646,"[401, 400, 378]"
KAB. LOMBOK TENGAH,938.216891179765,"[401, 400, 378, 285]"
KAB. LOMBOK TIMUR,975.3126827642325,"[401, 400, 378, 285, 286]"
KAB. LOMBOK UTARA,1010.1201820170345,"[401, 400, 378, 285, 286, 287]"
KAB. SUMBAWA,988.1173473298861,"[401, 402, 403, 404, 290]"
KAB. SUMBAWA BARAT,927.9601788735316,"[401, 402, 403, 404]"
KOTA BIMA,949.9817118451008,"[401, 402, 403, 404, 414, 413, 411]"
KOTA MATARAM,1017.2515808278669,"[401, 400, 378, 379, 380]"
KAB. ALOR,882.6423869925794,"[401, 402, 403, 404, 414, 413, 294]"
KAB. BELU,779.2977281818962,"[401, 402, 403, 404, 414, 413]"
KAB. ENDE,915.9376880510852,"[401, 402, 403, 404, 414, 415, 416]"
KAB. FLORES TIMUR,966.6518437890072,"[401, 400, 378, 379, 394]"
KAB. KUPANG,1005.8017042799808,"[401, 299, 298]"
KAB. LEMBATA,831.244961654076,"[401, 299]"
KAB. MALAKA,635.5327658643156,[401]
KAB. MANGGARAI,739.6160408544968,"[401, 402, 403, 404, 303, 302, 301]"
KAB. MANGGARAI BARAT,704.0682428179391,"[401, 402, 403, 404, 303, 302]"
KAB. MANGGARAI TIMUR,642.986455438397,"[401, 402, 403, 404, 303]"
KAB. NGADA,600.3525127220062,"[401, 402, 403, 404]"
KAB. NAGEKEO,636.4048528558671,"[401, 402, 403, 404, 303]"
KAB. ROTE NDAO,798.5713215130006,"[401, 306]"
KAB. SABU RAIJUA,656.0709769448459,[401]
KAB. SIKKA,867.3412480558334,"[401, 306]"
KAB. SUMBA BARAT,910.0500302925091,"[401, 400, 309]"
KAB. SUMBA BARAT DAYA,879.2143351470679,"[401, 400]"
KAB. SUMBA TENGAH,940.5846562782999,"[401, 400, 309]"
KAB. SUMBA TIMUR,1030.189838004477,"[401, 400, 309, 310]"
KAB. TIMOR TENGAH SELATAN,993.5555669929261,"[401, 402, 403, 404, 455, 313]"
KAB. TIMOR TENGAH UTARA,952.6191662445028,"[401, 402, 403, 404, 455]"
KOTA KUPANG,1087.0877840079775,"[401, 402, 403, 404, 455]"
KAB. BENGKAYANG,1505.0244800190212,"[401, 400]"
KAB. KAPUAS HULU,1239.9400934706914,"[401, 400, 332]"
KAB. KAYONG UTARA,1380.4545184275792,[401]
KAB. KETAPANG,1469.8133432375794,"[401, 317]"
KAB. KUBU RAYA,1567.5200349936536,"[401, 400, 332, 355, 321, 320]"
KAB. LANDAK,1475.455764672746,"[401, 400, 332, 355, 321]"
KAB. MELAWI,1229.339005101915,"[401, 400, 332, 355]"
KAB. MEMPAWAH,1535.207637481982,"[401, 400, 332, 355, 321]"
KAB. SAMBAS,1637.6313362866465,"[401, 400, 378, 325, 324]"
KAB. SANGGAU,1444.1530799270827,"[401, 400, 378, 325]"
KAB. SEKADAU,1386.224113025302,"[401, 400, 378]"
KAB. SINTANG,1587.873446628634,"[401, 400, 378, 325]"
KOTA PONTIANAK,1614.204577761957,"[401, 400, 332, 331, 330]"
KOTA SINGKAWANG,1643.591880791044,"[401, 400, 336, 329]"
KAB. BALANGAN,823.7468184484135,"[401, 400, 336]"
KAB. BANJAR,886.6680212504778,"[401, 400, 332, 331]"
KAB. BARITO KUALA,840.574780890871,"[401, 400, 332]"
KAB. HULU SUNGAI SELATAN,768.8014492795855,"[401, 400]"
KAB. HULU SUNGAI TENGAH,804.5754772963523,"[401, 400, 332]"
KAB. HULU SUNGAI UTARA,846.1622455134927,"[401, 400, 332, 333]"
KAB. KOTABARU,905.5627306165197,"[401, 400, 336]"
KAB. TABALONG,772.1386385214244,"[401, 400]"
KAB. TANAH BUMBU,948.5938676136747,"[401, 400, 336]"
KAB. TANAH LAUT,1039.9325016750156,"[401, 400, 336, 337]"
KAB. TAPIN,1025.7245440977008,"[401, 400, 332, 331, 330, 341, 340]"
KOTA BANJARBARU,960.0861933180654,"[401, 400, 332, 331, 330, 341]"
KOTA BANJARMASIN,931.5933831129905,"[401, 400, 332, 331, 330]"
KAB. BARITO SELATAN,856.478272490206,"[401, 400, 336]"
KAB. BARITO TIMUR,901.3109992133186,"[401, 400, 336, 342]"
KAB. BARITO UTARA,1018.9509956579742,"[401, 400, 336, 342, 343]"
KAB. GUNUNG MAS,1068.86847897157,"[401, 400, 332, 333, 346]"
KAB. KAPUAS,963.8534164321106,"[401, 400, 332, 333]"
KAB. KATINGAN,1091.094581320625,"[401, 400]"
KAB. KOTAWARINGIN BARAT,1297.389176979675,"[401, 400, 347]"
KAB. KOTAWARINGIN TIMUR,1421.5155021787587,"[401, 400, 347, 348]"
KAB. LAMANDAU,1505.2128357082074,"[401, 400, 399, 351]"
KAB. MURUNG RAYA,1116.1482948459288,"[401, 400, 399]"
KAB. PULANG PISAU,911.5563313506029,"[401, 400, 332]"
KAB. SUKAMARA,1213.3955196573352,"[401, 400, 332, 352]"
KAB. SERUYAN,1115.124908220376,"[401, 400, 332, 355]"
KOTA PALANGKARAYA,927.9260250400237,"[401, 400, 332]"
KAB. BERAU,1239.459327148657,"[401, 402, 403, 410, 409, 408]"
KAB. KUTAI BARAT,1024.9892831347129,"[401, 400, 399, 362, 363]"
KAB. KUTAI KARTANEGARA,1114.3082675781386,"[401, 400, 399, 362, 363, 357]"
KAB. KUTAI TIMUR,1113.2865439644017,"[401, 426, 448, 447, 446, 364]"
KAB. MAHAKAM ULU,1142.872788527297,"[401, 400, 399]"
KAB. PASER,920.9006037044147,"[401, 400, 399, 362]"
KAB. PENAJAM PASER UTARA,842.0719871173892,"[401, 400, 399]"
KOTA BALIKPAPAN,880.2407233924177,"[401, 400, 399, 362]"
KOTA BONTANG,1006.5563285960988,"[401, 426, 448, 447, 446]"
KOTA SAMARINDA,982.0169076864652,"[401, 402, 403]"
KAB. BULUNGAN,1360.3783456494891,"[401, 402, 403, 365]"
KAB. MALINAU,1277.6992173365338,"[401, 426, 370, 369, 368]"
KAB. NUNUKAN,1149.180500968877,"[401, 426, 370, 369]"
KAB. TANA TIDUNG,1070.4759338798324,"[401, 426, 370]"
KOTA TARAKAN,1009.713827128598,"[401, 426]"
KAB. BOALEMO,916.6554332624962,"[401, 402, 403, 372]"
KAB. BONE BOLANGO,795.2777037261633,"[401, 402, 403]"
KAB. GORONTALO,855.3435169643908,"[401, 402, 403, 372]"
KAB. GORONTALO UTARA,908.301682131279,"[401, 402, 403, 372, 373]"
KAB. POHUWATO,832.6060702093009,"[401, 402, 403, 410]"
KOTA GORONTALO,851.1075695515849,"[401, 402, 403, 404, 414, 413]"
KAB. BANTAENG,436.46105341792077,"[401, 400, 378]"
KAB. BARRU,309.5019697277095,"[401, 400]"
KAB. BONE,366.9851143235615,"[401, 400, 378]"
KAB. BULUKUMBA,445.0775701977034,"[401, 400, 378, 379]"
KAB. ENREKANG,639.6219930069028,"[401, 402, 403, 410]"
KAB. GOWA,498.0631252307345,"[401, 400, 378, 379, 380]"
KAB. JENEPONTO,526.2964433301347,"[401, 400, 378, 379, 380, 382]"
KAB. KEPULAUAN SELAYAR,536.0040863251052,"[401, 400, 378]"
KAB. LUWU,765.5029174922292,"[401, 426, 427, 386]"
KAB. LUWU TIMUR,635.5543170698585,"[401, 426, 427]"
KAB. LUWU UTARA,595.1530432429842,"[401, 400, 399, 449]"
KAB. MAROS,768.1379915958531,"[401, 426, 389]"
KAB. PANGKAJENE DAN KEPULAUAN,736.3634907513333,"[401, 426]"
KAB. PINRANG,710.6106831602365,"[401, 400, 378, 379, 394, 391]"
KAB. SIDENRENG RAPPANG,657.3602220749316,"[401, 400, 378, 379, 394]"
KAB. SINJAI,594.5964893248484,"[401, 402, 403, 393]"
KAB. SOPPENG,496.22236901132646,"[401, 402, 403]"
KAB. TAKALAR,465.43772587114063,"[401, 400, 378, 379]"
KAB. TANA TORAJA,727.2651179519713,"[401, 400, 378, 379, 394]"
KAB. TORAJA UTARA,733.8545748545228,"[401, 400, 378, 379, 380]"
KAB. WAJO,787.477186954802,"[401, 400, 399, 398]"
KOTA MAKASSAR,643.9593494812798,"[401, 400, 399]"
KOTA PALOPO,390.66022124777703,"[401, 400]"
KOTA PAREPARE,261.9879557558774,[401]
KAB. BOMBANA,0.0,[]
KAB. BUTON,140.7423370103064,[401]
KAB. BUTON SELATAN,140.7423370103064,"[401, 402]"
KAB. BUTON TENGAH,189.04198511258824,"[401, 402, 403]"
KAB. BUTON UTARA,281.7167743251072,"[401, 402, 403, 404]"
KAB. KOLAKA,460.82498359400205,"[401, 402, 403, 404, 405]"
KAB. KOLAKA TIMUR,504.6988891799469,"[401, 402, 403, 404, 405, 406]"
KAB. KOLAKA UTARA,524.5991166777134,"[401, 402, 403, 410, 409]"
KAB. KONAWE,389.5474414499947,"[401, 402, 403, 410]"
KAB. KONAWE KEPULAUAN,272.0856167515006,"[401, 402, 403]"
KAB. KONAWE SELATAN,324.01835974526404,"[401, 402, 403, 404, 414, 413]"
KAB. KONAWE UTARA,423.36422923826626,"[401, 402, 403, 404, 414, 413]"
KAB. MUNA,243.7670728935916,"[401, 402, 403, 404, 414]"
KAB. MUNA BARAT,243.7670728935916,"[401, 402, 403, 404]"
KAB. WAKATOBI,406.473289837013,"[401, 402, 403, 404, 414]"
KOTA BAU-BAU,550.484717409579,"[401, 402, 403, 404, 414, 415]"
KOTA KENDARI,718.4908108355231,"[401, 402, 403, 404, 414, 415, 416]"
KAB. BANGGAI,627.3882851821811,"[401, 426]"
KAB. BANGGAI KEPULAUAN,627.3882851821811,"[401, 426, 418]"
KAB. BANGGAI LAUT,623.3497580763631,"[401, 402, 403, 404, 405]"
KAB. BUOL,695.1015923793022,"[401, 429]"
KAB. DONGGALA,843.3415930506317,"[401, 402, 403, 404, 414, 413, 423]"
KAB. MOROWALI,501.6175136609967,"[401, 402, 403, 404, 414, 413]"
KAB. MOROWALI UTARA,612.9653351319255,"[401, 402, 403, 410]"
KAB. PARIGI MOUTONG,623.083912462809,"[401, 426]"
KAB. POSO,371.90708829878344,[401]
KAB. SIGI,440.0090189417538,"[401, 426]"
KAB. TOJO UNA-UNA,626.7989487625922,"[401, 426, 427]"
KAB. TOLI-TOLI,628.019122045297,[401]
KOTA PALU,792.289561584527,"[401, 402, 403, 404, 414, 413, 412]"
KAB. BOLAANG MONGONDOW,870.1339866053186,"[401, 426, 418, 419, 432]"
KAB. BOLAANG MONGONDOW SELATAN,830.1755949187395,"[401, 426, 418, 419]"
KAB. BOLAANG MONGONDOW TIMUR,903.509948202771,"[401, 426, 418, 419]"
KAB. BOLAANG MONGONDOW UTARA,833.0740598074917,"[401, 402, 403, 410]"
KAB. KEPULAUAN SANGIHE,1179.8358006499104,"[401, 402, 403, 410, 436]"
KAB. KEPULAUAN SIAU TAGULANDANG BIARO,1036.4080661895298,"[401, 402, 403, 410]"
KAB. KEPULAUAN TALAUD,1303.5722033165043,"[401, 402, 403, 410, 436]"
KAB. MINAHASA,1009.0914784864365,"[401, 402, 403, 410, 434]"
KAB. MINAHASA SELATAN,1039.1121201496874,"[401, 402, 403, 442, 441, 440]"
KAB. MINAHASA TENGGARA,1008.6531316910063,"[401, 402, 403, 442, 441]"
KAB. MINAHASA UTARA,945.2563674111212,"[401, 402, 403, 442]"
KOTA BITUNG,927.8053065280611,"[401, 402, 403]"
KOTA KOTAMOBAGU,992.9824387051083,"[401, 402, 403, 404, 414, 413, 376]"
KOTA MANADO,1031.0466365754437,"[401, 402, 403, 410, 434, 445]"
KOTA TOMOHON,1014.1551908082715,"[401, 402, 403, 410, 434]"
KAB. MAJENE,622.0278064898669,"[401, 426, 448, 447]"
KAB. MAMASA,573.7201482790259,"[401, 426, 448]"
KAB. MAMUJU,527.0405180736402,"[401, 426]"
KAB. MAMUJU TENGAH,531.6991717574017,"[401, 400, 399]"
KAB. MAMUJU UTARA,577.1667772623617,"[401, 400, 399, 449]"
KAB. POLEWALI MANDAR,783.2100229240457,"[401, 400, 399, 449, 450]"
KAB. BURU,935.3452447706525,"[401, 402, 403, 404, 414, 413, 412]"
KAB. BURU SELATAN,979.4562721705489,"[401, 402, 403, 404, 414, 413, 412, 452]"
KAB. KEPULAUAN ARU,1607.3851535765998,"[401, 402, 403, 404, 455]"
KAB. MALUKU BARAT DAYA,685.2431348282385,"[401, 402, 403, 404]"
KAB. MALUKU TENGAH,1032.90488635079,"[401, 402, 403, 404, 414, 413]"
KAB. MALUKU TENGGARA,1365.8918857585618,"[401, 402, 403, 404, 414, 413]"
KAB. MALUKU TENGGARA BARAT,1614.8648885048963,"[401, 402, 403, 404, 414, 413, 457]"
KAB. SERAM BAGIAN BARAT,1275.1500071373014,"[401, 402, 403, 404, 461, 460]"
KAB. SERAM BAGIAN TIMUR,1069.7506331504312,"[401, 402, 403, 404, 461]"
KOTA AMBON,842.28761097381,"[401, 402, 403, 404]"
KOTA TUAL,1367.6758525088553,"[401, 402, 403, 404, 414, 413]"
KAB. HALMAHERA BARAT,1329.774460106727,"[401, 400]"
KAB. HALMAHERA TENGAH,1203.470054280852,"[401, 402, 403, 465]"
KAB. HALMAHERA UTARA,1074.2142210839193,"[401, 402, 403]"
KAB. HALMAHERA SELATAN,911.8088844561166,"[401, 402, 403, 404, 405]"
KAB. KEPULAUAN SULA,1158.6011536466817,"[401, 402, 403, 404, 414, 413, 412, 452]"
KAB. HALMAHERA TIMUR,1232.990295316516,"[401, 402, 403, 404, 414, 413, 411]"
KAB. PULAU MOROTAI,1268.2337802151826,"[401, 402, 403, 404, 405]"
KAB. PULAU TALIABU,884.8752933290444,"[401, 426, 418, 419]"
KOTA TERNATE,1273.0989196463327,"[401, 400]"
KOTA TIDORE KEPULAUAN,1284.550361091936,"[401, 400, 471]"
KAB. ASMAT,2008.113322212801,"[401, 402, 403, 410, 504]"
KAB. BIAK NUMFOR,1781.7012967178166,"[401, 402, 403, 404, 496]"
KAB. BOVEN DIGOEL,2107.3353390043826,"[401, 402, 403, 476]"
KAB. DEIYAI,1637.3625444860231,"[401, 402, 403]"
KAB. DOGIYAI,1693.3818268206996,"[401, 402, 403, 404, 414, 413]"
KAB. INTAN JAYA,1826.460914650514,"[401, 402, 403, 404, 414, 413, 477]"
KAB. JAYAPURA,2176.1837115579146,"[401, 402, 403, 404, 414, 413, 477, 478]"
KAB. JAYAWIJAYA,2280.5178401383446,"[401, 402, 403, 404, 414, 413, 412, 452]"
KAB. KEEROM,2381.983635315827,"[401, 402, 403, 510, 511, 512, 482]"
KAB. KEPULAUAN YAPEN,1841.8829336195552,"[401, 402, 403, 510, 511, 512]"
KAB. LANNY JAYA,1901.2391556271953,"[401, 402, 403, 491, 490]"
KAB. MAMBERAMO RAYA,1924.797575233636,"[401, 402, 403, 510, 511, 513]"
KAB. MAMBERAMO TENGAH,1988.9450063009388,"[401, 402, 403, 510, 511, 513, 484]"
KAB. MAPPI,2439.8935096617324,"[401, 402, 403, 404, 414, 415, 488, 487]"
KAB. MERAUKE,2305.4257403806514,"[401, 402, 403, 404, 414, 415, 488]"
KAB. MIMIKA,1879.5909086945742,"[401, 402, 403, 404, 414, 415]"
KAB. NABIRE,1697.70711192507,"[401, 402, 403, 410, 514]"
KAB. NDUGA,1851.9720061302673,"[401, 402, 403, 491]"
KAB. PANIAI,1632.7102140724867,"[401, 402, 403]"
KAB. PEGUNUNGAN BINTANG,2100.986470379222,"[401, 402, 403, 491]"
KAB. PUNCAK,1890.0767317472767,"[401, 402, 403, 404, 461, 460]"
KAB. PUNCAK JAYA,1915.047088993435,"[401, 402, 403, 404, 461, 460]"
KAB. SARMI,2101.2498806224876,"[401, 402, 403, 404, 461, 460, 494]"
KAB. SUPIORI,1730.515809854348,"[401, 402, 403, 404]"
KAB. TOLIKARA,2073.44199395428,"[401, 402, 403, 404, 498]"
KAB. WAROPEN,1752.670114175598,"[401, 402, 403, 404]"
KAB. YAHUKIMO,2054.2170614519455,"[401, 402, 403, 491, 500]"
KAB. YALIMO,1974.8978117647782,"[401, 402, 403, 491]"
KOTA JAYAPURA,2164.7288912739723,"[401, 402, 403, 491, 500]"
KAB. YAPEN WAROPEN,1962.0778125337424,"[401, 402, 403, 410, 504, 503]"
KAB. FAKFAK,1581.11912151998,"[401, 402, 403, 410, 504]"
KAB. KAIMANA,1476.344155905809,"[401, 402, 403, 410]"
KAB. MANOKWARI,1448.4527005270747,"[401, 402, 403, 404, 506]"
KAB. MANOKWARI SELATAN,1448.4527005270747,"[401, 402, 403, 404]"
KAB. MAYBRAT,1533.4890279257706,"[401, 402, 403, 404, 506]"
KAB. PEGUNUNGAN ARFAK,1576.1318039082253,"[401, 402, 403, 510, 509]"
KAB. RAJA AMPAT,1260.7299977106711,"[401, 402, 403, 510]"
KAB. SORONG,1192.782914307936,"[401, 402, 403]"
KAB. SORONG SELATAN,1295.982607627958,"[401, 402, 403, 510]"
KAB. TAMBRAUW,1408.5018984419771,"[401, 402, 403, 510, 511]"
KAB. TELUK BINTUNI,1427.1838599311532,"[401, 402, 403, 510, 511]"
KAB. TELUK WONDAMA,1523.229390337387,"[401, 402, 403, 410]"
KOTA SORONG,1276.931551788069,"[401, 402, 403, 404]"
